function dTdM = OligopolyODEM(M,T,G,K,Lx,Ly,px,py)
%OLIGOPOLYODEM
%    [DT(1)M,DT(2)M] = OLIGOPOLYODEM(G,K,LX,LY,M,T(1),T(2),PX,PY)

%    This function was generated by the Symbolic Math Toolbox version 8.1.
%    30-Jun-2020 17:02:00

dTdM = zeros(2,1);

t2 = Lx.*T(2);
t3 = Ly.*T(1);
t4 = Lx.*Ly;
t5 = t2+t3+t4;
t6 = 1.0./t5;
t7 = Ly.*T(1).*py.*t6;
t8 = py-1.0;
t9 = Lx.*T(2).*t6.*t8;
t10 = -py+t7+t9;
t11 = px-1.0;
t12 = M.^2;
t13 = t12-4.0;
t14 = 1.0./t13;
t15 = 1.0./t5.^2;
t16 = 1.0./t5.^3;
t17 = Lx.*Ly.*py.*t15;
t18 = Lx.*Ly.*t8.*t15;
t19 = Lx.^2;
t20 = Ly.^2;
t22 = Ly.*T(2).*t8.*t16.*t19.*2.0;
t23 = Lx.*T(1).*py.*t16.*t20.*2.0;
t21 = t17+t18-t22-t23;
t24 = Lx.*Ly.*px.*t15;
t25 = Lx.*Ly.*t11.*t15;
t27 = Lx.*T(1).*t11.*t16.*t20.*2.0;
t28 = Ly.*T(2).*px.*t16.*t19.*2.0;
t26 = t24+t25-t27-t28;
t29 = T(1).*py.*t15.*t20;
t30 = Lx.*Ly.*T(2).*t8.*t15;
t44 = Ly.*py.*t6;
t31 = t29+t30-t44;
t32 = T(2).*t8.*t15.*t19;
t33 = Lx.*Ly.*T(1).*py.*t15;
t35 = Lx.*t6.*t8;
t34 = t32+t33-t35;
t36 = T(2).*px.*t15.*t19;
t37 = Lx.*Ly.*T(1).*t11.*t15;
t39 = Lx.*px.*t6;
t38 = t36+t37-t39;
t40 = K.*t34.*2.0;
t41 = K.*M.*t38;
t42 = Lx.*px.*t6.*2.0;
t85 = M.*t34;
t86 = T(2).*px.*t15.*t19.*2.0;
t87 = Lx.*Ly.*T(1).*t11.*t15.*2.0;
t43 = t40+t41+t42-t85-t86-t87;
t45 = K.*t31.*2.0;
t46 = Ly.*t6.*t11.*2.0;
t47 = T(1).*t11.*t15.*t20;
t48 = Lx.*Ly.*T(2).*px.*t15;
t52 = Ly.*t6.*t11;
t49 = t47+t48-t52;
t50 = K.*M.*t49;
t94 = M.*t31;
t95 = T(1).*t11.*t15.*t20.*2.0;
t96 = Lx.*Ly.*T(2).*px.*t15.*2.0;
t51 = t45+t46+t50-t94-t95-t96;
t53 = px.*2.0;
t54 = K.*t10.*2.0;
t55 = Lx.*T(2).*px.*t6;
t56 = Ly.*T(1).*t6.*t11;
t57 = -px+t55+t56;
t58 = K.*M.*t57;
t100 = M.*t10;
t101 = Lx.*T(2).*px.*t6.*2.0;
t102 = Ly.*T(1).*t6.*t11.*2.0;
t59 = t53+t54+t58-t100-t101-t102;
t60 = K.*t21.*2.0;
t61 = K.*M.*t26;
t62 = Lx.*T(1).*t11.*t16.*t20.*4.0;
t63 = Ly.*T(2).*px.*t16.*t19.*4.0;
t74 = M.*t21;
t75 = Lx.*Ly.*px.*t15.*2.0;
t76 = Lx.*Ly.*t11.*t15.*2.0;
t64 = t60+t61+t62+t63-t74-t75-t76;
t65 = py.*2.0;
t66 = K.*t57.*2.0;
t67 = K.*M.*t10;
t97 = M.*t57;
t98 = Ly.*T(1).*py.*t6.*2.0;
t99 = Lx.*T(2).*t6.*t8.*2.0;
t68 = t65+t66+t67-t97-t98-t99;
t69 = K.*t26.*2.0;
t70 = K.*M.*t21;
t71 = Ly.*T(2).*t8.*t16.*t19.*4.0;
t72 = Lx.*T(1).*py.*t16.*t20.*4.0;
t103 = M.*t26;
t104 = Lx.*Ly.*py.*t15.*2.0;
t105 = Lx.*Ly.*t8.*t15.*2.0;
t73 = t69+t70+t71+t72-t103-t104-t105;
t77 = K.*t49.*2.0;
t78 = K.*M.*t31;
t79 = Ly.*py.*t6.*2.0;
t91 = M.*t49;
t92 = T(1).*py.*t15.*t20.*2.0;
t93 = Lx.*Ly.*T(2).*t8.*t15.*2.0;
t80 = t77+t78+t79-t91-t92-t93;
t81 = K.*t38.*2.0;
t82 = Lx.*t6.*t8.*2.0;
t83 = K.*M.*t34;
t88 = M.*t38;
t89 = T(2).*t8.*t15.*t19.*2.0;
t90 = Lx.*Ly.*T(1).*py.*t15.*2.0;
t84 = t81+t82+t83-t88-t89-t90;
t106 = Lx.*T(2).*px.*t16.*t19.*2.0;
t107 = Ly.*T(1).*t11.*t16.*t19.*2.0;
t112 = px.*t15.*t19.*2.0;
t108 = t106+t107-t112;
t109 = K.*t57;
t110 = t14.*t68;
t144 = M.*t14.*t59;
t111 = py-t7-t9+t109+t110-t144;
t113 = K.*t108.*2.0;
t114 = t8.*t15.*t19.*4.0;
t115 = Lx.*T(2).*t8.*t16.*t19.*2.0;
t116 = Ly.*T(1).*py.*t16.*t19.*2.0;
t120 = t8.*t15.*t19.*2.0;
t117 = t115+t116-t120;
t118 = K.*M.*t117;
t141 = M.*t108;
t142 = Lx.*T(2).*t8.*t16.*t19.*4.0;
t143 = Ly.*T(1).*py.*t16.*t19.*4.0;
t119 = t113+t114+t118-t141-t142-t143;
t121 = M.*t14.*t43;
t152 = t14.*t84;
t153 = K.*t38;
t122 = t32+t33-t35+t121-t152-t153;
t123 = G.*2.0;
t124 = Ly.*T(1).*py.*t16.*t20.*2.0;
t125 = Lx.*T(2).*t8.*t16.*t20.*2.0;
t130 = py.*t15.*t20.*2.0;
t126 = t124+t125-t130;
t127 = K.*t10;
t128 = t14.*t59;
t157 = M.*t14.*t68;
t129 = px-t55-t56+t127+t128-t157;
t131 = K.*t126.*2.0;
t132 = t11.*t15.*t20.*4.0;
t133 = Ly.*T(1).*t11.*t16.*t20.*2.0;
t134 = Lx.*T(2).*px.*t16.*t20.*2.0;
t138 = t11.*t15.*t20.*2.0;
t135 = t133+t134-t138;
t136 = K.*M.*t135;
t187 = M.*t126;
t188 = Ly.*T(1).*t11.*t16.*t20.*4.0;
t189 = Lx.*T(2).*px.*t16.*t20.*4.0;
t137 = t131+t132+t136-t187-t188-t189;
t139 = M.*t14.*t80;
t156 = K.*t31;
t159 = t14.*t51;
t140 = t47+t48-t52+t139-t156-t159;
t145 = t14.*t111.*t119;
t146 = K.*t117.*2.0;
t147 = px.*t15.*t19.*4.0;
t148 = K.*M.*t108;
t182 = M.*t117;
t183 = Lx.*T(2).*px.*t16.*t19.*4.0;
t184 = Ly.*T(1).*t11.*t16.*t19.*4.0;
t149 = t146+t147+t148-t182-t183-t184;
t150 = M.*t14.*t149;
t180 = t14.*t119;
t181 = K.*t108;
t151 = t115+t116-t120+t150-t180-t181;
t185 = t14.*t68.*t151;
t186 = t14.*t84.*t122.*2.0;
t154 = t123+t145-t185-t186;
t155 = 1.0./t13.^2;
t158 = py-t7-t9+t109;
t160 = t14.*t64;
t161 = K.*t21;
t170 = M.*t14.*t73;
t162 = -t24-t25+t27+t28+t160+t161-t170;
t163 = t14.*t59.*t162;
t164 = M.*t14.*t84;
t168 = t14.*t43;
t169 = K.*t34;
t165 = t14.*t51.*(t36+t37-t39+t164-t168-t169);
t166 = t14.*t64.*t129;
t167 = px-t55-t56+t127;
t171 = t14.*t43.*(t47+t48-t52+t139-t156-t159);
t172 = t163+t165+t166+t171;
t173 = t14.*t73;
t174 = K.*t26;
t219 = M.*t14.*t64;
t175 = -t17-t18+t22+t23+t173+t174-t219;
t176 = t14.*t68.*t175;
t177 = t14.*t80;
t178 = M.*t14.*t51;
t179 = t14.*t73.*t111;
t190 = t14.*t129.*t137;
t191 = K.*t135.*2.0;
t192 = py.*t15.*t20.*4.0;
t193 = K.*M.*t126;
t201 = M.*t135;
t202 = Ly.*T(1).*py.*t16.*t20.*4.0;
t203 = Lx.*T(2).*t8.*t16.*t20.*4.0;
t194 = t191+t192+t193-t201-t202-t203;
t195 = M.*t14.*t194;
t199 = t14.*t137;
t200 = K.*t126;
t196 = t133+t134-t138+t195-t199-t200;
t204 = t14.*t59.*t196;
t205 = t14.*t51.*t140.*2.0;
t197 = t123+t190-t204-t205;
t198 = t14.*t80.*t122;
t206 = M.*t14.*t158;
t207 = M.*t68.*t155.*2.0;
t208 = t128+t206+t207-t14.*t167-t12.*t59.*t155.*2.0;
t209 = t14.*t84.*t208;
t210 = t14.*(t36+t37-t39-t169);
t211 = t32+t33-t35-t153;
t212 = M.*t84.*t155.*2.0;
t213 = t168+t210+t212-M.*t14.*t211-t12.*t43.*t155.*2.0;
t214 = t14.*t68.*t213;
t215 = t14.*t111.*(t36+t37-t39-t169);
t216 = t14.*t167.*(t32+t33-t35+t121-t152-t153);
t217 = M.*t84.*t111.*t155.*2.0;
t218 = t209+t214+t215+t216+t217-M.*t68.*t122.*t155.*2.0;
t225 = K.*t49;
t220 = t14.*t84.*(t29+t30-t44-t177+t178-t225);
t221 = M.*t14.*t167;
t222 = M.*t59.*t155.*2.0;
t223 = t110+t221+t222-t14.*t158-t12.*t68.*t155.*2.0;
t224 = t14.*t51.*t223;
t226 = t47+t48-t52-t156;
t227 = M.*t51.*t155.*2.0;
t228 = t14.*t158.*(t47+t48-t52+t139-t156-t159);
t229 = M.*t51.*t129.*t155.*2.0;
DTxM = -(t154.*(t224+t228+t229+t14.*t129.*(t29+t30-t44-K.*t49)+t14.*t59.*(t177+t227+t14.*(t29+t30-t44-K.*t49)-M.*t14.*t226-t12.*t80.*t155.*2.0)-M.*t59.*t140.*t155.*2.0)+t172.*t218)./(t154.*t197-(t163+t165+t166+t14.*t43.*t140).*(t176+t179+t198+t14.*t84.*(t29+t30-t44+t178-K.*t49-t14.*t80)));
DTyM = ((t176+t179+t220+t14.*t80.*(t32+t33-t35+t121-t152-t153)).*(t224+t228+t229+t14.*t129.*(t29+t30-t44-t225)+t14.*t59.*(t177+t227+t14.*(t29+t30-t44-t225)-M.*t14.*t226-t12.*t80.*t155.*2.0)-M.*t59.*t140.*t155.*2.0)+t197.*t218)./(t172.*(t176+t179+t198+t220)-t154.*t197);

dTdM(1) = DTxM;
dTdM(2) = DTyM;
