function dTdpy = OligopolyODEpy(py,T,G,K,Lx,Ly,M,px)
%OLIGOPOLYODEPY
%    [DT(1)PY,DT(2)PY] = OLIGOPOLYODEPY(G,K,LX,LY,M,T(1),T(2),PX,PY)

%    This function was generated by the Symbolic Math Toolbox version 8.1.
%    30-Jun-2020 13:53:04

dTdpy = zeros(2,1);

t2 = Lx.*T(2);
t3 = Ly.*T(1);
t4 = Lx.*Ly;
t5 = t2+t3+t4;
t6 = 1.0./t5;
t7 = Ly.*T(1).*py.*t6;
t8 = py-1.0;
t9 = Lx.*T(2).*t6.*t8;
t10 = -py+t7+t9;
t11 = px-1.0;
t12 = M.^2;
t13 = t12-4.0;
t14 = 1.0./t13;
t15 = 1.0./t5.^2;
t16 = 1.0./t5.^3;
t17 = Lx.*Ly.*py.*t15;
t18 = Lx.*Ly.*t8.*t15;
t19 = Lx.^2;
t20 = Ly.^2;
t22 = Ly.*T(2).*t8.*t16.*t19.*2.0;
t23 = Lx.*T(1).*py.*t16.*t20.*2.0;
t21 = t17+t18-t22-t23;
t24 = Lx.*Ly.*px.*t15;
t25 = Lx.*Ly.*t11.*t15;
t27 = Lx.*T(1).*t11.*t16.*t20.*2.0;
t28 = Ly.*T(2).*px.*t16.*t19.*2.0;
t26 = t24+t25-t27-t28;
t29 = T(1).*py.*t15.*t20;
t30 = Lx.*Ly.*T(2).*t8.*t15;
t44 = Ly.*py.*t6;
t31 = t29+t30-t44;
t32 = T(2).*t8.*t15.*t19;
t33 = Lx.*Ly.*T(1).*py.*t15;
t35 = Lx.*t6.*t8;
t34 = t32+t33-t35;
t36 = T(2).*px.*t15.*t19;
t37 = Lx.*Ly.*T(1).*t11.*t15;
t39 = Lx.*px.*t6;
t38 = t36+t37-t39;
t40 = K.*t34.*2.0;
t41 = K.*M.*t38;
t42 = Lx.*px.*t6.*2.0;
t85 = M.*t34;
t86 = T(2).*px.*t15.*t19.*2.0;
t87 = Lx.*Ly.*T(1).*t11.*t15.*2.0;
t43 = t40+t41+t42-t85-t86-t87;
t45 = K.*t31.*2.0;
t46 = Ly.*t6.*t11.*2.0;
t47 = T(1).*t11.*t15.*t20;
t48 = Lx.*Ly.*T(2).*px.*t15;
t52 = Ly.*t6.*t11;
t49 = t47+t48-t52;
t50 = K.*M.*t49;
t94 = M.*t31;
t95 = T(1).*t11.*t15.*t20.*2.0;
t96 = Lx.*Ly.*T(2).*px.*t15.*2.0;
t51 = t45+t46+t50-t94-t95-t96;
t53 = px.*2.0;
t54 = K.*t10.*2.0;
t55 = Lx.*T(2).*px.*t6;
t56 = Ly.*T(1).*t6.*t11;
t57 = -px+t55+t56;
t58 = K.*M.*t57;
t100 = M.*t10;
t101 = Lx.*T(2).*px.*t6.*2.0;
t102 = Ly.*T(1).*t6.*t11.*2.0;
t59 = t53+t54+t58-t100-t101-t102;
t60 = K.*t21.*2.0;
t61 = K.*M.*t26;
t62 = Lx.*T(1).*t11.*t16.*t20.*4.0;
t63 = Ly.*T(2).*px.*t16.*t19.*4.0;
t74 = M.*t21;
t75 = Lx.*Ly.*px.*t15.*2.0;
t76 = Lx.*Ly.*t11.*t15.*2.0;
t64 = t60+t61+t62+t63-t74-t75-t76;
t65 = py.*2.0;
t66 = K.*t57.*2.0;
t67 = K.*M.*t10;
t97 = M.*t57;
t98 = Ly.*T(1).*py.*t6.*2.0;
t99 = Lx.*T(2).*t6.*t8.*2.0;
t68 = t65+t66+t67-t97-t98-t99;
t69 = K.*t26.*2.0;
t70 = K.*M.*t21;
t71 = Ly.*T(2).*t8.*t16.*t19.*4.0;
t72 = Lx.*T(1).*py.*t16.*t20.*4.0;
t103 = M.*t26;
t104 = Lx.*Ly.*py.*t15.*2.0;
t105 = Lx.*Ly.*t8.*t15.*2.0;
t73 = t69+t70+t71+t72-t103-t104-t105;
t77 = K.*t49.*2.0;
t78 = K.*M.*t31;
t79 = Ly.*py.*t6.*2.0;
t91 = M.*t49;
t92 = T(1).*py.*t15.*t20.*2.0;
t93 = Lx.*Ly.*T(2).*t8.*t15.*2.0;
t80 = t77+t78+t79-t91-t92-t93;
t81 = K.*t38.*2.0;
t82 = Lx.*t6.*t8.*2.0;
t83 = K.*M.*t34;
t88 = M.*t38;
t89 = T(2).*t8.*t15.*t19.*2.0;
t90 = Lx.*Ly.*T(1).*py.*t15.*2.0;
t84 = t81+t82+t83-t88-t89-t90;
t106 = Lx.*T(2).*px.*t16.*t19.*2.0;
t107 = Ly.*T(1).*t11.*t16.*t19.*2.0;
t112 = px.*t15.*t19.*2.0;
t108 = t106+t107-t112;
t109 = K.*t57;
t110 = t14.*t68;
t141 = M.*t14.*t59;
t111 = py-t7-t9+t109+t110-t141;
t113 = K.*t108.*2.0;
t114 = t8.*t15.*t19.*4.0;
t115 = Lx.*T(2).*t8.*t16.*t19.*2.0;
t116 = Ly.*T(1).*py.*t16.*t19.*2.0;
t120 = t8.*t15.*t19.*2.0;
t117 = t115+t116-t120;
t118 = K.*M.*t117;
t166 = M.*t108;
t167 = Lx.*T(2).*t8.*t16.*t19.*4.0;
t168 = Ly.*T(1).*py.*t16.*t19.*4.0;
t119 = t113+t114+t118-t166-t167-t168;
t121 = M.*t14.*t43;
t142 = t14.*t84;
t143 = K.*t38;
t122 = t32+t33-t35+t121-t142-t143;
t123 = G.*2.0;
t124 = Ly.*T(1).*py.*t16.*t20.*2.0;
t125 = Lx.*T(2).*t8.*t16.*t20.*2.0;
t130 = py.*t15.*t20.*2.0;
t126 = t124+t125-t130;
t127 = K.*t10;
t128 = t14.*t59;
t164 = M.*t14.*t68;
t129 = px-t55-t56+t127+t128-t164;
t131 = K.*t126.*2.0;
t132 = t11.*t15.*t20.*4.0;
t133 = Ly.*T(1).*t11.*t16.*t20.*2.0;
t134 = Lx.*T(2).*px.*t16.*t20.*2.0;
t138 = t11.*t15.*t20.*2.0;
t135 = t133+t134-t138;
t136 = K.*M.*t135;
t207 = M.*t126;
t208 = Ly.*T(1).*t11.*t16.*t20.*4.0;
t209 = Lx.*T(2).*px.*t16.*t20.*4.0;
t137 = t131+t132+t136-t207-t208-t209;
t139 = M.*t14.*t80;
t162 = t14.*t51;
t163 = K.*t31;
t140 = t47+t48-t52+t139-t162-t163;
t144 = Lx.*t6.*2.0;
t145 = T(2).*t15.*t19;
t146 = Lx.*Ly.*T(1).*t15;
t150 = Lx.*t6;
t147 = t145+t146-t150;
t148 = K.*M.*t147;
t228 = T(2).*t15.*t19.*2.0;
t229 = Lx.*Ly.*T(1).*t15.*2.0;
t149 = t144+t148-t228-t229;
t151 = Lx.*T(2).*t6;
t152 = Ly.*T(1).*t6;
t153 = t151+t152-1.0;
t154 = K.*M.*t153;
t183 = Lx.*T(2).*t6.*2.0;
t184 = Ly.*T(1).*t6.*2.0;
t155 = t154-t183-t184+2.0;
t156 = t14.*t64;
t157 = K.*t21;
t188 = M.*t14.*t73;
t158 = -t24-t25+t27+t28+t156+t157-t188;
t159 = t14.*t59.*t158;
t160 = M.*t14.*t84;
t189 = t14.*t43;
t190 = K.*t34;
t161 = t14.*t51.*(t36+t37-t39+t160-t189-t190);
t165 = t14.*t64.*t129;
t169 = t14.*t111.*t119;
t170 = K.*t117.*2.0;
t171 = px.*t15.*t19.*4.0;
t172 = K.*M.*t108;
t202 = M.*t117;
t203 = Lx.*T(2).*px.*t16.*t19.*4.0;
t204 = Ly.*T(1).*t11.*t16.*t19.*4.0;
t173 = t170+t171+t172-t202-t203-t204;
t174 = M.*t14.*t173;
t200 = t14.*t119;
t201 = K.*t108;
t175 = t115+t116-t120+t174-t200-t201;
t205 = t14.*t68.*t175;
t206 = t14.*t84.*t122.*2.0;
t176 = t123+t169-t205-t206;
t177 = T(1).*t15.*t20;
t178 = Lx.*Ly.*T(2).*t15;
t180 = Ly.*t6;
t179 = t177+t178-t180;
t181 = K.*t153.*2.0;
t187 = M.*t153;
t182 = t181-t187;
t185 = K.*t179.*2.0;
t236 = M.*t179;
t186 = t185-t236;
t191 = t14.*t43.*(t47+t48-t52+t139-t162-t163);
t192 = t159+t161+t165+t191;
t193 = t14.*t73;
t194 = K.*t26;
t250 = M.*t14.*t64;
t195 = -t17-t18+t22+t23+t193+t194-t250;
t196 = t14.*t68.*t195;
t197 = M.*t14.*t51;
t251 = t14.*t80;
t252 = K.*t49;
t198 = t14.*t84.*(t29+t30-t44+t197-t251-t252);
t199 = t14.*t73.*t111;
t210 = t14.*t129.*t137;
t211 = K.*t135.*2.0;
t212 = py.*t15.*t20.*4.0;
t213 = K.*M.*t126;
t223 = M.*t135;
t224 = Ly.*T(1).*py.*t16.*t20.*4.0;
t225 = Lx.*T(2).*t8.*t16.*t20.*4.0;
t214 = t211+t212+t213-t223-t224-t225;
t215 = M.*t14.*t214;
t221 = t14.*t137;
t222 = K.*t126;
t216 = t133+t134-t138+t215-t221-t222;
t226 = t14.*t59.*t216;
t227 = t14.*t51.*t140.*2.0;
t217 = t123+t210-t226-t227;
t218 = t176.*t217;
t219 = t14.*t80.*t122;
t220 = t196+t198+t199+t219;
t230 = K.*t147.*2.0;
t231 = t230-M.*t147;
t232 = M.*t14.*t231;
t233 = M.*t14.*t182;
t234 = t151+t152+t233-t14.*t155-1.0;
t235 = t14.*t84.*t234;
t237 = t14.*t186;
t238 = K.*t179;
t239 = Ly.*t6.*2.0;
t240 = K.*M.*t179;
t241 = t239+t240-T(1).*t15.*t20.*2.0-Lx.*Ly.*T(2).*t15.*2.0;
t242 = t237+t238-M.*t14.*t241;
t243 = t14.*t59.*t242;
t244 = t14.*t182;
t245 = K.*t153;
t246 = t244+t245-M.*t14.*t155;
t247 = t14.*t51.*t246;
t248 = t14.*t129.*t186;
t249 = t243+t247+t248-t14.*t140.*t182;
DTxpy = (t176.*t249-t192.*(t235+t14.*t68.*(t145+t146+t232-Lx.*t6-t14.*t149)+t14.*t155.*(t32+t33-t35+t121-t142-t143)-t14.*t111.*t149))./(t218-t220.*(t159+t161+t165+t14.*t43.*t140));
DTypy = -(t217.*(t235+t14.*t68.*(t145+t146-t150+t232-t14.*t149)-t14.*t111.*t149+t14.*t122.*t155)-t220.*t249)./(t218-t192.*t220);

dTdpy(1) = DTxpy;
dTdpy(2) = DTypy;