function dTdpx = OligopolyODEpx(px,T,G,K,Lx,Ly,M,py)
%OLIGOPOLYODEPX
%    [DT(1)PX,DT(2)PX] = OLIGOPOLYODEPX(G,K,LX,LY,M,T(1),T(2),PX,PY)

%    This function was generated by the Symbolic Math Toolbox version 8.1.
%    29-Jun-2020 18:34:49

dTdpx = zeros(2,1);

t2 = Lx.*T(2);
t3 = Ly.*T(1);
t4 = Lx.*Ly;
t5 = t2+t3+t4;
t6 = 1.0./t5;
t7 = Ly.*T(1).*py.*t6;
t8 = py-1.0;
t9 = Lx.*T(2).*t6.*t8;
t10 = -py+t7+t9;
t11 = px-1.0;
t12 = M.^2;
t13 = t12-4.0;
t14 = 1.0./t13;
t15 = 1.0./t5.^2;
t16 = 1.0./t5.^3;
t17 = Lx.*Ly.*py.*t15;
t18 = Lx.*Ly.*t8.*t15;
t19 = Lx.^2;
t20 = Ly.^2;
t22 = Ly.*T(2).*t8.*t16.*t19.*2.0;
t23 = Lx.*T(1).*py.*t16.*t20.*2.0;
t21 = t17+t18-t22-t23;
t24 = Lx.*Ly.*px.*t15;
t25 = Lx.*Ly.*t11.*t15;
t27 = Lx.*T(1).*t11.*t16.*t20.*2.0;
t28 = Ly.*T(2).*px.*t16.*t19.*2.0;
t26 = t24+t25-t27-t28;
t29 = T(1).*py.*t15.*t20;
t30 = Lx.*Ly.*T(2).*t8.*t15;
t44 = Ly.*py.*t6;
t31 = t29+t30-t44;
t32 = T(2).*t8.*t15.*t19;
t33 = Lx.*Ly.*T(1).*py.*t15;
t35 = Lx.*t6.*t8;
t34 = t32+t33-t35;
t36 = T(2).*px.*t15.*t19;
t37 = Lx.*Ly.*T(1).*t11.*t15;
t39 = Lx.*px.*t6;
t38 = t36+t37-t39;
t40 = K.*t34.*2.0;
t41 = K.*M.*t38;
t42 = Lx.*px.*t6.*2.0;
t85 = M.*t34;
t86 = T(2).*px.*t15.*t19.*2.0;
t87 = Lx.*Ly.*T(1).*t11.*t15.*2.0;
t43 = t40+t41+t42-t85-t86-t87;
t45 = K.*t31.*2.0;
t46 = Ly.*t6.*t11.*2.0;
t47 = T(1).*t11.*t15.*t20;
t48 = Lx.*Ly.*T(2).*px.*t15;
t52 = Ly.*t6.*t11;
t49 = t47+t48-t52;
t50 = K.*M.*t49;
t94 = M.*t31;
t95 = T(1).*t11.*t15.*t20.*2.0;
t96 = Lx.*Ly.*T(2).*px.*t15.*2.0;
t51 = t45+t46+t50-t94-t95-t96;
t53 = px.*2.0;
t54 = K.*t10.*2.0;
t55 = Lx.*T(2).*px.*t6;
t56 = Ly.*T(1).*t6.*t11;
t57 = -px+t55+t56;
t58 = K.*M.*t57;
t100 = M.*t10;
t101 = Lx.*T(2).*px.*t6.*2.0;
t102 = Ly.*T(1).*t6.*t11.*2.0;
t59 = t53+t54+t58-t100-t101-t102;
t60 = K.*t21.*2.0;
t61 = K.*M.*t26;
t62 = Lx.*T(1).*t11.*t16.*t20.*4.0;
t63 = Ly.*T(2).*px.*t16.*t19.*4.0;
t74 = M.*t21;
t75 = Lx.*Ly.*px.*t15.*2.0;
t76 = Lx.*Ly.*t11.*t15.*2.0;
t64 = t60+t61+t62+t63-t74-t75-t76;
t65 = py.*2.0;
t66 = K.*t57.*2.0;
t67 = K.*M.*t10;
t97 = M.*t57;
t98 = Ly.*T(1).*py.*t6.*2.0;
t99 = Lx.*T(2).*t6.*t8.*2.0;
t68 = t65+t66+t67-t97-t98-t99;
t69 = K.*t26.*2.0;
t70 = K.*M.*t21;
t71 = Ly.*T(2).*t8.*t16.*t19.*4.0;
t72 = Lx.*T(1).*py.*t16.*t20.*4.0;
t103 = M.*t26;
t104 = Lx.*Ly.*py.*t15.*2.0;
t105 = Lx.*Ly.*t8.*t15.*2.0;
t73 = t69+t70+t71+t72-t103-t104-t105;
t77 = K.*t49.*2.0;
t78 = K.*M.*t31;
t79 = Ly.*py.*t6.*2.0;
t91 = M.*t49;
t92 = T(1).*py.*t15.*t20.*2.0;
t93 = Lx.*Ly.*T(2).*t8.*t15.*2.0;
t80 = t77+t78+t79-t91-t92-t93;
t81 = K.*t38.*2.0;
t82 = Lx.*t6.*t8.*2.0;
t83 = K.*M.*t34;
t88 = M.*t38;
t89 = T(2).*t8.*t15.*t19.*2.0;
t90 = Lx.*Ly.*T(1).*py.*t15.*2.0;
t84 = t81+t82+t83-t88-t89-t90;
t106 = Lx.*T(2).*px.*t16.*t19.*2.0;
t107 = Ly.*T(1).*t11.*t16.*t19.*2.0;
t112 = px.*t15.*t19.*2.0;
t108 = t106+t107-t112;
t109 = K.*t57;
t110 = t14.*t68;
t144 = M.*t14.*t59;
t111 = py-t7-t9+t109+t110-t144;
t113 = K.*t108.*2.0;
t114 = t8.*t15.*t19.*4.0;
t115 = Lx.*T(2).*t8.*t16.*t19.*2.0;
t116 = Ly.*T(1).*py.*t16.*t19.*2.0;
t120 = t8.*t15.*t19.*2.0;
t117 = t115+t116-t120;
t118 = K.*M.*t117;
t141 = M.*t108;
t142 = Lx.*T(2).*t8.*t16.*t19.*4.0;
t143 = Ly.*T(1).*py.*t16.*t19.*4.0;
t119 = t113+t114+t118-t141-t142-t143;
t121 = M.*t14.*t43;
t152 = t14.*t84;
t153 = K.*t38;
t122 = t32+t33-t35+t121-t152-t153;
t123 = G.*2.0;
t124 = Ly.*T(1).*py.*t16.*t20.*2.0;
t125 = Lx.*T(2).*t8.*t16.*t20.*2.0;
t130 = py.*t15.*t20.*2.0;
t126 = t124+t125-t130;
t127 = K.*t10;
t128 = t14.*t59;
t155 = M.*t14.*t68;
t129 = px-t55-t56+t127+t128-t155;
t131 = K.*t126.*2.0;
t132 = t11.*t15.*t20.*4.0;
t133 = Ly.*T(1).*t11.*t16.*t20.*2.0;
t134 = Lx.*T(2).*px.*t16.*t20.*2.0;
t138 = t11.*t15.*t20.*2.0;
t135 = t133+t134-t138;
t136 = K.*M.*t135;
t207 = M.*t126;
t208 = Ly.*T(1).*t11.*t16.*t20.*4.0;
t209 = Lx.*T(2).*px.*t16.*t20.*4.0;
t137 = t131+t132+t136-t207-t208-t209;
t139 = M.*t14.*t80;
t156 = t14.*t51;
t157 = K.*t31;
t140 = t47+t48-t52+t139-t156-t157;
t145 = t14.*t111.*t119;
t146 = K.*t117.*2.0;
t147 = px.*t15.*t19.*4.0;
t148 = K.*M.*t108;
t202 = M.*t117;
t203 = Lx.*T(2).*px.*t16.*t19.*4.0;
t204 = Ly.*T(1).*t11.*t16.*t19.*4.0;
t149 = t146+t147+t148-t202-t203-t204;
t150 = M.*t14.*t149;
t200 = t14.*t119;
t201 = K.*t108;
t151 = t115+t116-t120+t150-t200-t201;
t205 = t14.*t68.*t151;
t206 = t14.*t84.*t122.*2.0;
t154 = t123+t145-t205-t206;
t158 = Ly.*t6.*2.0;
t159 = T(1).*t15.*t20;
t160 = Lx.*Ly.*T(2).*t15;
t164 = Ly.*t6;
t161 = t159+t160-t164;
t162 = K.*M.*t161;
t223 = T(1).*t15.*t20.*2.0;
t224 = Lx.*Ly.*T(2).*t15.*2.0;
t163 = t158+t162-t223-t224;
t165 = Lx.*T(2).*t6;
t166 = Ly.*T(1).*t6;
t167 = t165+t166-1.0;
t168 = K.*M.*t167;
t176 = Lx.*T(2).*t6.*2.0;
t177 = Ly.*T(1).*t6.*2.0;
t169 = t168-t176-t177+2.0;
t170 = T(2).*t15.*t19;
t171 = Lx.*Ly.*T(1).*t15;
t173 = Lx.*t6;
t172 = t170+t171-t173;
t174 = K.*t167.*2.0;
t180 = M.*t167;
t175 = t174-t180;
t178 = K.*t172.*2.0;
t241 = M.*t172;
t179 = t178-t241;
t181 = t14.*t64;
t182 = K.*t21;
t190 = M.*t14.*t73;
t183 = -t24-t25+t27+t28+t181+t182-t190;
t184 = t14.*t59.*t183;
t185 = M.*t14.*t84;
t191 = t14.*t43;
t192 = K.*t34;
t186 = t14.*t51.*(t36+t37-t39+t185-t191-t192);
t187 = t14.*t64.*t129;
t188 = t14.*t43.*t140;
t189 = t184+t186+t187+t188;
t193 = t14.*t73;
t194 = K.*t26;
t231 = M.*t14.*t64;
t195 = -t17-t18+t22+t23+t193+t194-t231;
t196 = t14.*t68.*t195;
t197 = M.*t14.*t51;
t232 = t14.*t80;
t233 = K.*t49;
t198 = t14.*t84.*(t29+t30-t44+t197-t232-t233);
t199 = t14.*t73.*t111;
t210 = t14.*t129.*t137;
t211 = K.*t135.*2.0;
t212 = py.*t15.*t20.*4.0;
t213 = K.*M.*t126;
t236 = M.*t135;
t237 = Ly.*T(1).*py.*t16.*t20.*4.0;
t238 = Lx.*T(2).*t8.*t16.*t20.*4.0;
t214 = t211+t212+t213-t236-t237-t238;
t215 = M.*t14.*t214;
t234 = t14.*t137;
t235 = K.*t126;
t216 = t133+t134-t138+t215-t234-t235;
t239 = t14.*t59.*t216;
t240 = t14.*t51.*t140.*2.0;
t217 = t123+t210-t239-t240;
t218 = t154.*t217;
t219 = t14.*t80.*t122;
t220 = t196+t198+t199+t219;
t221 = t218-t189.*t220;
t222 = 1.0./t221;
t225 = K.*t161.*2.0;
t226 = t225-M.*t161;
t227 = M.*t14.*t226;
t228 = M.*t14.*t175;
t229 = t165+t166+t228-t14.*t169-1.0;
t230 = t14.*t51.*t229;
t242 = t14.*t179;
t243 = K.*t172;
t244 = Lx.*t6.*2.0;
t245 = K.*M.*t172;
t246 = t244+t245-T(2).*t15.*t19.*2.0-Lx.*Ly.*T(1).*t15.*2.0;
t247 = t242+t243-M.*t14.*t246;
t248 = t14.*t68.*t247;
t249 = t14.*t175;
t250 = K.*t167;
t251 = t249+t250-M.*t14.*t169;
t252 = t14.*t84.*t251;
t253 = t14.*t111.*t179;
t254 = t248+t252+t253-t14.*t122.*t175;
DTxpx = t222.*(t189.*t254-t154.*(t230+t14.*t59.*(t159+t160+t227-Ly.*t6-t14.*t163)+t14.*t169.*(t47+t48-t52+t139-t156-t157)-t14.*t129.*t163));
DTypx = t222.*(t217.*t254-(t230+t14.*t59.*(t159+t160-t164+t227-t14.*t163)+t14.*(t168-t176-t177+2.0).*(t47+t48-t52+t139-t156-t157)-t14.*t129.*t163).*(t196+t198+t199+t14.*t80.*(t32+t33-t35+t121-t152-t153)));

dTdpx(1) = DTxpx;
dTdpx(2) = DTypx;