function dtdpx = soim(px,t)

dtdpx = [-(((25*(49/(100*(t(1)/2 + t(2)/2 + 1/4)^2) + (49*t(1))/(200*(t(1)/2 + t(2)/2 + 1/4)^3) - (49*t(2))/(200*(t(1)/2 + t(2)/2 + 1/4)^3) - px/(10*(t(1)/2 + t(2)/2 + 1/4)^2) + (t(2)*px)/(20*(t(1)/2 + t(2)/2 + 1/4)^3) + (t(1)*(px - 1))/(20*(t(1)/2 + t(2)/2 + 1/4)^3))*((5*px)/96 - (49*t(1))/(384*(t(1)/2 + t(2)/2 + 1/4)) + (49*t(2))/(384*(t(1)/2 + t(2)/2 + 1/4)) - (5*t(2)*px)/(192*(t(1)/2 + t(2)/2 + 1/4)) - (5*t(1)*(px - 1))/(192*(t(1)/2 + t(2)/2 + 1/4)) + 49/192))/96 - (25*(49/(100*(t(1)/2 + t(2)/2 + 1/4)) + (49*t(1))/(200*(t(1)/2 + t(2)/2 + 1/4)^2) - (49*t(2))/(200*(t(1)/2 + t(2)/2 + 1/4)^2) - px/(10*(t(1)/2 + t(2)/2 + 1/4)) + (t(2)*px)/(20*(t(1)/2 + t(2)/2 + 1/4)^2) + (t(1)*(px - 1))/(20*(t(1)/2 + t(2)/2 + 1/4)^2))*(49/(384*(t(1)/2 + t(2)/2 + 1/4)) + (49*t(1))/(768*(t(1)/2 + t(2)/2 + 1/4)^2) - (49*t(2))/(768*(t(1)/2 + t(2)/2 + 1/4)^2) - (5*px)/(192*(t(1)/2 + t(2)/2 + 1/4)) + (5*t(2)*px)/(384*(t(1)/2 + t(2)/2 + 1/4)^2) + (5*t(1)*(px - 1))/(384*(t(1)/2 + t(2)/2 + 1/4)^2)))/48 + (25*(49/(384*(t(1)/2 + t(2)/2 + 1/4)^2) + (49*t(1))/(768*(t(1)/2 + t(2)/2 + 1/4)^3) - (49*t(2))/(768*(t(1)/2 + t(2)/2 + 1/4)^3) - (5*px)/(192*(t(1)/2 + t(2)/2 + 1/4)^2) + (5*t(2)*px)/(384*(t(1)/2 + t(2)/2 + 1/4)^3) + (5*t(1)*(px - 1))/(384*(t(1)/2 + t(2)/2 + 1/4)^3))*(px/5 - (49*t(1))/(100*(t(1)/2 + t(2)/2 + 1/4)) + (49*t(2))/(100*(t(1)/2 + t(2)/2 + 1/4)) - (t(2)*px)/(10*(t(1)/2 + t(2)/2 + 1/4)) - (t(1)*(px - 1))/(10*(t(1)/2 + t(2)/2 + 1/4)) + 49/50))/96 + 2401/1152)*((25*((49*t(1))/(192*(t(1)/2 + t(2)/2 + 1/4)) + (49*t(2))/(192*(t(1)/2 + t(2)/2 + 1/4)) - 49/96)*(1/(20*(t(1)/2 + t(2)/2 + 1/4)) + (49*(px - 1))/(50*(t(1)/2 + t(2)/2 + 1/4)) - t(1)/(40*(t(1)/2 + t(2)/2 + 1/4)^2) + t(2)/(40*(t(1)/2 + t(2)/2 + 1/4)^2) - (49*t(2)*px)/(100*(t(1)/2 + t(2)/2 + 1/4)^2) - (49*t(1)*(px - 1))/(100*(t(1)/2 + t(2)/2 + 1/4)^2)))/96 + (25*((49*t(1))/(50*(t(1)/2 + t(2)/2 + 1/4)) + (49*t(2))/(50*(t(1)/2 + t(2)/2 + 1/4)) - 49/25)*(5/(384*(t(1)/2 + t(2)/2 + 1/4)) + (49*(px - 1))/(192*(t(1)/2 + t(2)/2 + 1/4)) - (5*t(1))/(768*(t(1)/2 + t(2)/2 + 1/4)^2) + (5*t(2))/(768*(t(1)/2 + t(2)/2 + 1/4)^2) - (49*t(2)*px)/(384*(t(1)/2 + t(2)/2 + 1/4)^2) - (49*t(1)*(px - 1))/(384*(t(1)/2 + t(2)/2 + 1/4)^2)))/96 + (25*((49*t(1))/(384*(t(1)/2 + t(2)/2 + 1/4)^2) - 49/(192*(t(1)/2 + t(2)/2 + 1/4)) + (49*t(2))/(384*(t(1)/2 + t(2)/2 + 1/4)^2))*((49*px)/25 - t(1)/(20*(t(1)/2 + t(2)/2 + 1/4)) + t(2)/(20*(t(1)/2 + t(2)/2 + 1/4)) - (49*t(2)*px)/(50*(t(1)/2 + t(2)/2 + 1/4)) - (49*t(1)*(px - 1))/(50*(t(1)/2 + t(2)/2 + 1/4)) + 1/10))/96 + (25*((49*t(1))/(100*(t(1)/2 + t(2)/2 + 1/4)^2) - 49/(50*(t(1)/2 + t(2)/2 + 1/4)) + (49*t(2))/(100*(t(1)/2 + t(2)/2 + 1/4)^2))*((49*px)/96 - (5*t(1))/(384*(t(1)/2 + t(2)/2 + 1/4)) + (5*t(2))/(384*(t(1)/2 + t(2)/2 + 1/4)) - (49*t(2)*px)/(192*(t(1)/2 + t(2)/2 + 1/4)) - (49*t(1)*(px - 1))/(192*(t(1)/2 + t(2)/2 + 1/4)) + 5/192))/96) + ((25*((49*(px - 1))/(100*(t(1)/2 + t(2)/2 + 1/4)^2) - t(1)/(40*(t(1)/2 + t(2)/2 + 1/4)^3) + t(2)/(40*(t(1)/2 + t(2)/2 + 1/4)^3) + (49*px)/(100*(t(1)/2 + t(2)/2 + 1/4)^2) - (49*t(2)*px)/(100*(t(1)/2 + t(2)/2 + 1/4)^3) - (49*t(1)*(px - 1))/(100*(t(1)/2 + t(2)/2 + 1/4)^3))*((49*px)/96 - (5*t(1))/(384*(t(1)/2 + t(2)/2 + 1/4)) + (5*t(2))/(384*(t(1)/2 + t(2)/2 + 1/4)) - (49*t(2)*px)/(192*(t(1)/2 + t(2)/2 + 1/4)) - (49*t(1)*(px - 1))/(192*(t(1)/2 + t(2)/2 + 1/4)) + 5/192))/96 + (25*((49*(px - 1))/(384*(t(1)/2 + t(2)/2 + 1/4)^2) - (5*t(1))/(768*(t(1)/2 + t(2)/2 + 1/4)^3) + (5*t(2))/(768*(t(1)/2 + t(2)/2 + 1/4)^3) + (49*px)/(384*(t(1)/2 + t(2)/2 + 1/4)^2) - (49*t(2)*px)/(384*(t(1)/2 + t(2)/2 + 1/4)^3) - (49*t(1)*(px - 1))/(384*(t(1)/2 + t(2)/2 + 1/4)^3))*((49*px)/25 - t(1)/(20*(t(1)/2 + t(2)/2 + 1/4)) + t(2)/(20*(t(1)/2 + t(2)/2 + 1/4)) - (49*t(2)*px)/(50*(t(1)/2 + t(2)/2 + 1/4)) - (49*t(1)*(px - 1))/(50*(t(1)/2 + t(2)/2 + 1/4)) + 1/10))/96 - (25*(1/(20*(t(1)/2 + t(2)/2 + 1/4)) + t(1)/(40*(t(1)/2 + t(2)/2 + 1/4)^2) - t(2)/(40*(t(1)/2 + t(2)/2 + 1/4)^2) - (49*px)/(50*(t(1)/2 + t(2)/2 + 1/4)) + (49*t(2)*px)/(100*(t(1)/2 + t(2)/2 + 1/4)^2) + (49*t(1)*(px - 1))/(100*(t(1)/2 + t(2)/2 + 1/4)^2))*(5/(384*(t(1)/2 + t(2)/2 + 1/4)) + (49*(px - 1))/(192*(t(1)/2 + t(2)/2 + 1/4)) - (5*t(1))/(768*(t(1)/2 + t(2)/2 + 1/4)^2) + (5*t(2))/(768*(t(1)/2 + t(2)/2 + 1/4)^2) - (49*t(2)*px)/(384*(t(1)/2 + t(2)/2 + 1/4)^2) - (49*t(1)*(px - 1))/(384*(t(1)/2 + t(2)/2 + 1/4)^2)))/96 - (25*(5/(384*(t(1)/2 + t(2)/2 + 1/4)) + (5*t(1))/(768*(t(1)/2 + t(2)/2 + 1/4)^2) - (5*t(2))/(768*(t(1)/2 + t(2)/2 + 1/4)^2) - (49*px)/(192*(t(1)/2 + t(2)/2 + 1/4)) + (49*t(2)*px)/(384*(t(1)/2 + t(2)/2 + 1/4)^2) + (49*t(1)*(px - 1))/(384*(t(1)/2 + t(2)/2 + 1/4)^2))*(1/(20*(t(1)/2 + t(2)/2 + 1/4)) + (49*(px - 1))/(50*(t(1)/2 + t(2)/2 + 1/4)) - t(1)/(40*(t(1)/2 + t(2)/2 + 1/4)^2) + t(2)/(40*(t(1)/2 + t(2)/2 + 1/4)^2) - (49*t(2)*px)/(100*(t(1)/2 + t(2)/2 + 1/4)^2) - (49*t(1)*(px - 1))/(100*(t(1)/2 + t(2)/2 + 1/4)^2)))/96)*((25*((5*t(1))/(384*(t(1)/2 + t(2)/2 + 1/4)^2) - 5/(192*(t(1)/2 + t(2)/2 + 1/4)) + (5*t(2))/(384*(t(1)/2 + t(2)/2 + 1/4)^2))*(px/5 - (49*t(1))/(100*(t(1)/2 + t(2)/2 + 1/4)) + (49*t(2))/(100*(t(1)/2 + t(2)/2 + 1/4)) - (t(2)*px)/(10*(t(1)/2 + t(2)/2 + 1/4)) - (t(1)*(px - 1))/(10*(t(1)/2 + t(2)/2 + 1/4)) + 49/50))/96 + (25*(t(1)/(20*(t(1)/2 + t(2)/2 + 1/4)^2) - 1/(10*(t(1)/2 + t(2)/2 + 1/4)) + t(2)/(20*(t(1)/2 + t(2)/2 + 1/4)^2))*((5*px)/96 - (49*t(1))/(384*(t(1)/2 + t(2)/2 + 1/4)) + (49*t(2))/(384*(t(1)/2 + t(2)/2 + 1/4)) - (5*t(2)*px)/(192*(t(1)/2 + t(2)/2 + 1/4)) - (5*t(1)*(px - 1))/(192*(t(1)/2 + t(2)/2 + 1/4)) + 49/192))/96 - (25*((5*t(1))/(192*(t(1)/2 + t(2)/2 + 1/4)) + (5*t(2))/(192*(t(1)/2 + t(2)/2 + 1/4)) - 5/96)*(49/(100*(t(1)/2 + t(2)/2 + 1/4)) + (49*t(1))/(200*(t(1)/2 + t(2)/2 + 1/4)^2) - (49*t(2))/(200*(t(1)/2 + t(2)/2 + 1/4)^2) - px/(10*(t(1)/2 + t(2)/2 + 1/4)) + (t(2)*px)/(20*(t(1)/2 + t(2)/2 + 1/4)^2) + (t(1)*(px - 1))/(20*(t(1)/2 + t(2)/2 + 1/4)^2)))/96 - (25*(t(1)/(10*(t(1)/2 + t(2)/2 + 1/4)) + t(2)/(10*(t(1)/2 + t(2)/2 + 1/4)) - 1/5)*(49/(384*(t(1)/2 + t(2)/2 + 1/4)) + (49*t(1))/(768*(t(1)/2 + t(2)/2 + 1/4)^2) - (49*t(2))/(768*(t(1)/2 + t(2)/2 + 1/4)^2) - (5*px)/(192*(t(1)/2 + t(2)/2 + 1/4)) + (5*t(2)*px)/(384*(t(1)/2 + t(2)/2 + 1/4)^2) + (5*t(1)*(px - 1))/(384*(t(1)/2 + t(2)/2 + 1/4)^2)))/96))/(((25*(49/(100*(t(1)/2 + t(2)/2 + 1/4)^2) + (49*t(1))/(200*(t(1)/2 + t(2)/2 + 1/4)^3) - (49*t(2))/(200*(t(1)/2 + t(2)/2 + 1/4)^3) - px/(10*(t(1)/2 + t(2)/2 + 1/4)^2) + (t(2)*px)/(20*(t(1)/2 + t(2)/2 + 1/4)^3) + (t(1)*(px - 1))/(20*(t(1)/2 + t(2)/2 + 1/4)^3))*((5*px)/96 - (49*t(1))/(384*(t(1)/2 + t(2)/2 + 1/4)) + (49*t(2))/(384*(t(1)/2 + t(2)/2 + 1/4)) - (5*t(2)*px)/(192*(t(1)/2 + t(2)/2 + 1/4)) - (5*t(1)*(px - 1))/(192*(t(1)/2 + t(2)/2 + 1/4)) + 49/192))/96 - (25*(49/(100*(t(1)/2 + t(2)/2 + 1/4)) + (49*t(1))/(200*(t(1)/2 + t(2)/2 + 1/4)^2) - (49*t(2))/(200*(t(1)/2 + t(2)/2 + 1/4)^2) - px/(10*(t(1)/2 + t(2)/2 + 1/4)) + (t(2)*px)/(20*(t(1)/2 + t(2)/2 + 1/4)^2) + (t(1)*(px - 1))/(20*(t(1)/2 + t(2)/2 + 1/4)^2))*(49/(384*(t(1)/2 + t(2)/2 + 1/4)) + (49*t(1))/(768*(t(1)/2 + t(2)/2 + 1/4)^2) - (49*t(2))/(768*(t(1)/2 + t(2)/2 + 1/4)^2) - (5*px)/(192*(t(1)/2 + t(2)/2 + 1/4)) + (5*t(2)*px)/(384*(t(1)/2 + t(2)/2 + 1/4)^2) + (5*t(1)*(px - 1))/(384*(t(1)/2 + t(2)/2 + 1/4)^2)))/48 + (25*(49/(384*(t(1)/2 + t(2)/2 + 1/4)^2) + (49*t(1))/(768*(t(1)/2 + t(2)/2 + 1/4)^3) - (49*t(2))/(768*(t(1)/2 + t(2)/2 + 1/4)^3) - (5*px)/(192*(t(1)/2 + t(2)/2 + 1/4)^2) + (5*t(2)*px)/(384*(t(1)/2 + t(2)/2 + 1/4)^3) + (5*t(1)*(px - 1))/(384*(t(1)/2 + t(2)/2 + 1/4)^3))*(px/5 - (49*t(1))/(100*(t(1)/2 + t(2)/2 + 1/4)) + (49*t(2))/(100*(t(1)/2 + t(2)/2 + 1/4)) - (t(2)*px)/(10*(t(1)/2 + t(2)/2 + 1/4)) - (t(1)*(px - 1))/(10*(t(1)/2 + t(2)/2 + 1/4)) + 49/50))/96 + 2401/1152)*((25*((49*px)/96 - (5*t(1))/(384*(t(1)/2 + t(2)/2 + 1/4)) + (5*t(2))/(384*(t(1)/2 + t(2)/2 + 1/4)) - (49*t(2)*px)/(192*(t(1)/2 + t(2)/2 + 1/4)) - (49*t(1)*(px - 1))/(192*(t(1)/2 + t(2)/2 + 1/4)) + 5/192)*(1/(20*(t(1)/2 + t(2)/2 + 1/4)^2) + (49*(px - 1))/(50*(t(1)/2 + t(2)/2 + 1/4)^2) - t(1)/(40*(t(1)/2 + t(2)/2 + 1/4)^3) + t(2)/(40*(t(1)/2 + 